9 7 4 2 0 10 6 5 2 0 11 8 5 2 0
12 7 4 3 0 13 9 7 3 0 14 9 7 2 0
15 11 6 3 0 16 10 7 4 0 17 12 8 4 0
18 15 9 4 0 19 13 9 4 0 20 13 9 5 0
21 17 11 5 0 22 16 12 5 0 23 17 11 5 0
24 20 11 5 0 25 18 12 6 0 26 17 13 6 0
27 20 13 7 0 28 21 15 7 0 29 20 14 8 0
30 20 13 8 0 31 23 15 7 0 32 25 15 7 0
33 25 16 8 0 34 24 15 7 0 35 27 17 8 0
36 25 17 8 0 37 28 18 9 0 38 28 20 9 0
39 28 18 9 0 40 29 21 10 0 41 29 19 10 0
42 31 19 10 0 43 33 21 10 0 44 31 22 11 0
45 32 22 10 0 46 33 23 10 0 47 35 24 11 0
48 38 26 13 0 49 35 23 12 0 50 39 24 12 0
51 39 25 12 0 52 37 25 12 0 53 42 29 15 0
54 40 27 13 0 55 41 26 13 0 56 44 31 13 0
57 44 29 14 0 58 43 30 14 0 59 44 30 14 0
60 44 31 16 0 61 48 31 15 0 62 44 32 17 0
63 46 29 14 0 64 45 31 14 0 65 47 33 15 0
66 48 33 16 0 67 49 35 18 0 68 49 33 17 0
69 52 34 17 0 70 52 35 17 0 71 54 35 17 0
72 51 35 18 0 73 56 37 18 0 74 55 38 18 0
75 55 38 19 0 76 59 40 20 0 77 60 42 21 0
78 57 37 18 0 79 59 39 19 0 80 59 43 21 0
81 59 39 20 0 82 61 43 21 0 83 60 42 20 0
84 64 43 22 0 85 61 39 20 0 86 63 44 23 0
87 66 43 21 0 88 63 43 22 0 89 65 43 21 0
90 66 43 21 0 91 67 43 22 0 92 67 44 22 0
93 68 45 23 0 94 69 47 22 0 95 70 46 24 0
96 75 49 25 0 97 74 48 23 0 98 71 50 24 0
99 77 54 26 0 100 72 47 23 0 101 75 52 26 0
102 75 51 26 0 103 76 49 25 0 104 81 53 26 0
105 78 51 26 0 106 80 51 26 0 107 77 50 24 0
108 83 55 28 0 109 81 55 27 0 110 84 55 28 0
111 85 57 28 0 112 80 54 25 0 113 83 57 29 0
114 84 55 27 0 115 85 55 28 0 116 90 61 28 0
117 88 58 29 0 118 87 57 30 0 119 92 61 30 0
120 93 62 32 0 121 92 60 29 0 122 94 61 30 0
123 95 62 31 0 124 95 63 31 0 125 91 62 33 0
126 97 65 32 0 127 95 62 31 0 128 99 62 33 0
129 99 65 33 0 130 96 65 31 0 131 100 65 33 0
132 98 68 33 0 133 101 69 34 0 134 100 67 33 0
135 99 69 34 0 136 99 65 34 0 137 102 68 34 0
138 101 66 33 0 139 100 69 35 0 140 105 72 35 0
141 105 71 36 0 142 105 69 34 0 143 105 71 36 0
144 113 79 37 0 145 107 70 36 0 146 108 75 36 0
147 108 74 38 0 148 113 77 37 0 149 113 77 38 0
150 110 76 37 0 151 112 77 38 0 152 109 69 35 0
153 116 78 39 0 154 115 75 38 0 155 116 77 39 0
156 115 77 38 0 157 116 76 39 0 158 117 77 39 0
159 118 77 40 0 160 117 79 41 0 161 122 82 40 0
162 123 79 40 0 163 120 81 40 0 164 120 78 39 0
165 127 82 40 0 166 128 84 41 0 167 125 82 42 0
168 127 85 42 0 169 129 89 44 0 170 129 87 42 0
171 126 83 42 0 172 128 87 43 0 173 128 85 43 0
174 135 91 45 0 175 130 90 43 0 176 126 83 43 0
177 134 90 45 0 178 136 89 44 0 179 132 85 44 0
180 138 90 43 0 181 136 90 45 0 182 135 92 45 0
183 141 93 46 0 184 144 93 43 0 185 140 96 47 0
186 138 95 48 0 187 143 97 48 0 188 143 97 46 0
189 146 97 47 0 190 139 93 48 0 191 142 93 47 0
192 149 97 46 0 193 143 93 47 0 194 143 96 49 0
195 152 106 53 0 196 145 95 48 0 197 148 98 49 0
198 146 97 50 0 199 150 98 49 0 200 143 100 45 0
201 147 99 52 0 202 153 106 51 0 203 154 101 49 0
204 151 99 51 0 205 153 103 52 0 206 153 101 52 0
207 157 105 51 0 208 155 108 53 0 209 155 104 51 0
210 155 103 53 0 211 156 106 54 0 212 157 106 53 0
213 165 112 54 0 214 161 106 53 0 215 160 105 53 0
216 159 101 53 0 217 165 108 52 0 218 162 107 53 0
219 166 109 55 0 220 167 115 57 0 221 162 107 55 0
222 164 109 56 0 223 165 107 55 0 224 173 110 57 0
225 171 115 58 0 226 170 111 56 0 227 168 113 55 0
228 173 116 58 0 229 174 114 57 0 230 176 120 57 0
231 175 118 57 0 232 177 115 59 0 233 177 117 59 0
234 175 118 59 0 235 173 112 57 0 236 179 123 61 0
237 177 119 59 0 238 177 119 58 0 239 181 121 60 0
240 173 109 55 0 241 181 120 60 0 242 181 123 61 0
243 178 113 58 0 244 184 123 62 0 245 181 120 59 0
246 180 121 57 0 247 187 126 61 0 248 184 121 63 0
249 186 125 63 0 250 184 124 63 0 251 190 127 63 0
252 191 128 63 0 253 190 123 63 0 254 193 127 65 0
255 188 126 66 0 256 187 125 60 0 257 192 128 64 0
258 191 129 63 0 259 190 127 63 0 260 193 129 65 0
261 200 134 69 0 262 200 129 67 0 263 201 132 66 0
264 201 136 67 0 265 198 130 66 0 266 202 133 66 0
267 200 138 66 0 268 201 136 67 0 269 199 135 70 0
270 206 137 70 0 271 201 134 67 0 272 203 139 69 0
273 203 133 67 0 274 205 137 68 0 275 204 137 68 0
276 206 140 69 0 277 210 138 67 0 278 206 141 69 0
279 208 137 70 0 280 206 138 67 0 281 210 141 71 0
282 211 141 70 0 283 216 142 71 0 284 218 145 73 0
285 212 141 71 0 286 218 143 70 0 287 215 143 71 0
288 219 149 72 0 289 218 144 71 0 290 219 147 72 0
291 214 147 76 0 292 215 143 70 0 293 223 148 74 0
294 219 149 75 0 295 224 148 72 0 296 214 143 73 0
297 220 147 73 0 298 226 148 73 0 299 229 150 77 0
300 225 151 75 0 301 229 150 77 0 302 225 147 75 0
303 224 147 77 0 304 225 153 79 0 305 231 153 78 0
306 234 153 76 0 307 226 151 76 0 308 228 153 78 0
309 234 159 79 0 310 236 155 78 0 311 231 153 78 0
312 231 158 77 0 313 234 156 78 0 314 238 157 78 0
315 235 154 78 0 316 234 157 77 0 317 237 159 80 0
318 235 157 78 0 319 242 164 81 0 320 234 155 79 0
321 241 160 80 0 322 239 162 80 0 323 247 168 82 0
324 236 157 76 0 325 245 165 82 0 326 247 159 82 0
327 244 162 82 0 328 241 163 84 0 329 245 163 82 0
330 247 165 82 0 331 250 168 83 0 332 251 169 82 0
333 248 170 85 0 334 247 167 84 0 335 252 167 83 0
336 255 162 83 0 337 251 168 83 0 338 251 165 83 0
339 252 166 85 0 340 256 175 85 0 341 258 170 83 0
342 258 174 85 0 343 256 170 86 0 344 257 171 86 0
345 262 174 88 0 346 264 173 88 0 347 258 173 85 0
348 256 173 91 0 349 264 175 89 0 350 266 177 89 0
351 262 179 89 0 352 261 174 90 0 353 267 179 90 0
354 262 171 85 0 355 261 175 92 0 356 265 175 90 0
357 266 179 91 0 358 265 179 86 0 359 270 179 89 0
360 279 185 87 0 361 274 182 89 0 362 270 179 90 0
363 276 180 89 0 364 271 180 91 0 365 272 183 92 0
366 277 180 90 0 367 276 181 91 0 368 282 181 91 0
369 275 186 92 0 370 274 179 89 0 371 282 185 93 0
372 281 187 94 0 373 286 192 93 0 374 284 189 93 0
375 279 185 95 0 376 286 189 95 0 377 279 188 92 0
378 282 191 95 0 379 288 190 95 0 380 287 192 95 0
381 281 188 91 0 382 289 192 97 0 383 291 196 97 0
384 293 187 100 0 385 287 190 95 0 386 292 193 96 0
387 292 193 97 0 388 294 193 95 0 389 289 192 98 0
390 293 194 97 0 391 296 197 97 0 392 287 189 94 0
393 298 194 98 0 394 299 198 98 0 395 294 201 99 0
396 301 202 99 0 397 302 203 100 0 398 304 206 103 0
399 305 202 104 0 400 305 202 101 0 401 298 198 101 0
402 298 202 103 0 403 299 202 102 0 404 308 201 103 0
405 299 193 98 0 406 303 199 101 0 407 303 203 100 0
408 313 203 107 0 409 304 205 105 0 410 313 205 102 0
411 304 206 101 0 412 308 207 103 0 413 313 210 104 0
414 307 205 102 0 415 310 210 103 0 416 315 206 101 0
417 314 209 105 0 418 312 207 103 0 419 318 210 104 0
420 311 211 103 0 421 320 214 107 0 422 319 214 107 0
423 316 215 107 0 424 321 214 106 0 425 322 215 108 0
426 317 211 107 0 427 319 214 106 0 428 319 213 106 0
429 324 212 107 0 430 325 216 108 0 431 327 218 107 0
432 332 225 111 0 433 327 217 107 0 434 323 218 110 0
435 328 220 109 0 436 328 217 108 0 437 332 221 107 0
438 328 217 109 0 439 326 214 108 0 440 325 218 109 0
441 331 218 110 0 442 335 226 110 0 443 331 219 110 0
444 335 221 111 0 445 336 223 111 0 446 337 227 112 0
447 333 224 110 0 448 331 214 109 0 449 339 227 114 0
450 331 216 108 0 451 337 230 114 0 452 340 223 113 0
453 336 226 111 0 454 341 226 113 0 455 339 225 114 0
456 349 239 118 0 457 339 227 113 0 458 342 225 113 0
459 340 229 115 0 460 341 225 113 0 461 351 231 116 0
462 352 235 118 0 463 347 231 116 0 464 344 227 117 0
465 346 232 116 0 466 347 231 118 0 467 347 233 117 0
468 349 233 116 0 469 350 233 117 0 470 357 237 120 0
471 350 233 117 0 472 347 235 122 0 473 353 237 117 0
474 359 238 119 0 475 361 238 121 0 476 361 244 123 0
477 359 235 118 0 478 364 241 120 0 479 357 238 119 0
480 355 241 117 0 481 359 240 119 0 482 359 242 120 0
483 366 245 120 0 484 369 242 118 0 485 360 235 118 0
486 362 245 123 0 487 364 239 120 0 488 362 243 121 0
489 364 244 124 0 490 369 244 121 0 491 365 246 126 0
492 370 245 122 0 493 367 243 122 0 494 367 239 121 0
495 376 251 124 0 496 367 246 121 0 497 371 247 123 0
498 372 247 124 0 499 380 253 125 0 500 378 250 127 0
501 375 255 125 0 502 370 240 121 0 503 382 255 125 0
504 383 253 122 0 505 375 250 124 0 506 384 259 128 0
507 375 246 125 0 508 385 258 127 0 509 385 254 126 0
510 377 245 125 0 511 382 254 126 0 512 388 255 125 0
513 385 256 128 0 514 390 260 127 0 515 389 257 128 0
516 389 258 129 0 517 390 258 129 0 518 387 257 128 0
519 386 255 129 0 520 395 272 133 0 521 391 258 130 0
522 395 264 132 0 523 390 261 130 0 524 397 267 134 0
525 389 263 130 0 526 392 262 131 0 527 398 264 133 0
528 391 265 136 0 529 398 267 133 0 530 402 263 130 0
531 401 265 130 0 532 394 264 133 0 533 396 266 133 0
534 397 267 133 0 535 405 272 136 0 536 405 273 135 0
537 397 268 137 0 538 400 267 133 0 539 399 263 134 0
540 407 272 136 0 541 402 268 137 0 542 404 273 134 0
543 410 274 137 0 544 404 270 133 0 545 411 276 138 0
546 406 271 135 0 547 408 273 138 0 548 408 270 137 0
549 418 276 139 0 550 411 274 138 0 551 410 276 135 0
552 421 284 139 0 553 413 278 139 0 554 422 279 138 0
555 412 274 137 0 556 419 280 140 0 557 421 288 142 0
558 422 279 137 0 559 419 278 139 0 560 423 278 141 0
561 422 282 141 0 562 427 285 141 0 563 418 277 137 0
564 426 287 144 0 565 422 283 143 0 566 420 285 144 0
567 422 280 140 0 568 421 286 145 0 569 429 287 143 0
570 429 291 143 0 571 430 285 142 0 572 426 286 145 0
573 432 290 143 0 574 428 287 144 0 575 429 286 143 0
576 439 297 144 0 577 428 285 140 0 578 432 287 144 0
579 438 291 143 0 580 433 290 144 0 581 438 290 144 0
582 441 298 148 0 583 440 290 147 0 584 434 290 143 0
585 437 293 146 0 586 446 293 145 0 587 445 296 150 0
588 447 304 150 0 589 437 294 149 0 590 447 297 147 0
591 446 297 147 0 592 439 299 150 0 593 448 300 149 0
594 443 299 147 0 595 452 301 150 0 596 449 300 148 0
597 443 296 152 0 598 446 299 150 0 599 447 299 149 0
600 454 307 149 0 601 452 302 151 0 602 449 304 153 0
603 458 308 153 0 604 446 299 145 0 605 450 299 151 0
606 453 305 153 0 607 457 303 152 0 608 449 303 153 0
609 452 305 152 0 610 452 305 153 0 611 458 303 152 0
612 463 307 150 0 613 457 303 155 0 614 459 308 155 0
615 459 303 154 0 616 467 305 153 0 617 461 308 153 0
618 463 313 155 0 619 459 304 150 0 620 466 315 155 0
621 461 311 155 0 622 472 313 160 0 623 465 313 157 0
624 473 308 151 0 625 472 315 155 0 626 465 313 152 0
627 469 313 157 0 628 469 317 159 0 629 471 316 158 0
630 467 314 159 0 631 476 317 159 0 632 482 315 159 0
633 472 317 161 0 634 477 316 157 0 635 480 320 158 0
636 475 321 160 0 637 482 322 161 0 638 475 319 161 0
639 475 313 158 0 640 475 324 165 0 641 479 315 159 0
642 475 320 160 0 643 485 326 160 0 644 484 323 162 0
645 492 327 169 0 646 483 317 160 0 647 483 321 162 0
648 493 330 159 0 649 483 318 159 0 650 491 326 164 0
651 486 320 161 0 652 487 324 162 0 653 488 325 163 0
654 489 324 163 0 655 489 326 164 0 656 485 327 169 0
657 488 329 168 0 658 498 331 162 0 659 497 329 165 0
660 498 329 164 0
